1.6716295
-0.2527028
0.3418151
0.7854395
0.9983176
2.3360969
0.6174108
0.6472182
-0.9676390
-1.0508227
1.6857676
0.8910193
1.1741809
0.3160228
0.7976149
1.0013635
2.3397128
1.8136704
0.9500232
1.8423620
0.6658681
-0.4379562
1.6509761
-0.4015277
-1.1272386
-0.4852407
0.8585733
2.5939629
0.9675493
-0.5190468
0.9857757
3.2789208
-1.3051134
0.4341120
0.2657087
0.3451053
-1.4010181
1.4950495
0.5656063
0.1212490
0.7482862
0.2822167
1.1421909
-1.2752654
-0.2801890
0.4096798
0.0045117
0.5356442
0.6860410
-0.4564351
0.5807136
0.1392311
0.0253850
0.3092388
-0.3655227
-1.0922597
0.4494066
0.0307112
-0.6702009
0.2574669
0.1422852
1.1229709
1.0832604
0.5022535
0.8241972
1.2391462
-0.8797970
0.7027771
0.5606873
0.3811836
0.5258713
0.1607559
0.3345750
0.8733304
-0.9345741
1.7062011
-0.1506411
1.0472717
-0.1354036
-0.4085886
1.3097065
-1.5756354
-0.3210235
0.9381410
-0.0753410
0.9299969
0.8599334
1.4928506
-0.7229583
-0.6055288
0.1450949
0.8987807
-0.0599079
1.2993228
0.9078287
-0.0165244
0.4101358
0.4758504
0.5299678
0.1492158
1.9633912
1.2557683
1.7113807
0.5123929
0.6205219
1.4480500
0.1037392
0.8526282
-0.7609667
0.2681112
0.1083488
0.7907576
-1.0811349
-0.5719507
0.0043977
-0.0755690
-0.1156053
-0.4703615
-1.0630388
1.3191048
1.8092807
0.1074855
-0.1289942
1.1001186
1.0141497
0.7035508
2.3985375
-0.4303414
0.3675993
-0.6770094
-0.5614774
0.3549352
0.6006177
1.6179926
1.7385250
1.2001116
1.2593843
0.6408821
0.2997347
0.1861003
0.9888135
1.6714747
-0.7254748
-0.8535405
-0.7810907
0.3248429
-0.1354606
0.6380561
0.5843133
0.0375360
-0.0753654
1.0771116
1.7253153
0.0653317
-0.4349266
1.4005456
0.8671165
-0.4387787
-0.4508482
0.1759854
0.9529714
0.3259423
0.9263809
0.2006456
-0.1438816
-2.2242462
0.3232629
0.6237225
0.9551866
-0.9970392
-0.4822844
-0.6308731
-0.1533124
0.5784984
-0.2666291
0.0452403
1.0530540
0.1565373
-0.7676041
-0.8810593
0.8223159
-0.9739344
1.2446272
0.6420385
0.6157657
-0.3243055
1.4995125
0.8868577
0.7823610
0.9656517
0.3742367
0.5140054
-0.1570098
0.7324460
0.5047456
-0.3474429
-0.4289651
1.4489622
0.6092912
1.0039696
0.2495345
0.1079823
0.2228871
0.8061092
-1.6881133
1.2708186
-0.6828324
0.1594122
0.3645453
0.5902096
-0.1524898
0.8616355
1.0264147
1.0944422
1.1515729
0.5169129
-0.5394314
0.6100893
0.3330195
0.0830207
0.6424864
1.0764112
0.0796897
0.9583302
0.6895837
0.2524094
0.5613144
1.0757027
0.4754025
-1.4366403
2.5269045
-0.4672097
0.7591260
0.8939024
-0.4590330
1.4040150
1.1157797
0.5957231
1.8362539
1.3316223
1.4679623
0.0694934
0.1058078
1.2191362
0.8245799
1.3000069
-1.1563537
-0.6659416
-0.4484213
0.5522093
-1.0649282
-0.1546155
1.4390020
0.8122335
1.1127745
0.1372928
0.8522535
0.4639763
0.4772675
-1.0910789
0.2273175
0.3310487
0.5681717
0.5566641
0.2604802
-0.5750129
0.5231512
1.1476312
-0.1518057
-0.3719484
0.4069678
-0.4547493
-0.7698519
1.1955510
0.2400141
-0.0019872
-0.5857957
2.2798131
-0.9041722
-0.1259401
-0.1682486
0.9392405
0.9182613
1.0625663
1.2356280
0.3014531
1.5152876
-0.7560069
0.5617053
0.1429855
0.9183020
1.0085221
0.8461699
0.0844622
0.1308834
0.0629292
0.1271616
1.7541372
-0.2784869
-0.3972602
0.4116751
-0.8003922
-1.2557766
1.3452799
-1.4740135
0.2213968
0.5291290
0.2569864
1.1562232
1.4606978
1.6245078
0.9392486
0.1051807
-0.0624000
-0.1515859
-0.2582977
-0.2937978
0.0947807
-1.6812478
-0.2179520
-1.0426786
0.3614994
-0.5677321
0.8694375
0.1748615
-0.3902318
0.2115098
0.7714154
-1.6575567
-0.7261670
-0.3952242
-0.4306916
1.1801098
0.7888356
-1.2333234
-0.3008831
-0.6706407
0.3426295
0.6585221
0.8127547
1.4213619
0.9340690
1.5480431
0.8937965
-1.1022770
0.8811487
1.6338084
0.9668733
-0.0645745
-0.3812652
0.9022093
-0.7664965
-0.5724801
0.2023477
0.3608234
-0.1118753
-0.1515777
0.3981477
0.1094238
1.1992076
1.7077566
1.1535112
0.7960757
0.1956696
0.4273280
1.1668105
2.2344099
1.0881713
1.5059789
0.3675178
0.2933090
0.4184998
-0.9876409
-0.8595589
-1.4323891
-0.9486796
-0.8604548
-0.0986412
0.0299620
-0.7226814
-0.4715749
-0.0531728
0.0390508
-1.1003631
-0.0389206
0.5493589
1.2658669
0.0873126
0.5995183
0.7458511
0.5788079
0.6156598
-0.1709769
-0.0828905
0.0447272
1.2469564
0.6546618
-1.2270850
1.1328415
0.2087897
-0.0723114
0.0567723
0.7123708
1.5656913
1.4818398
0.3937336
0.8491343
0.7120939
-1.2779936
-0.6108224
-1.5302321
-0.3362692
-0.3323763
-0.6666908
-0.0135518
-0.9499419
-0.0380492
-0.8542327
-1.6789837
-1.0160556
-0.7322262
0.1832987
-1.0137345
-0.9516359
-0.0176239
-0.9697076
-0.5985411
-0.8434418
-1.0413592
-0.8572379
-1.0437699
-0.3805811
-0.8926565
-0.9589656
-0.8796097
-0.1051402
-0.7043979
0.5673329
0.0430088
-1.6469042
-0.1405262
-1.5050099
-0.1627025
-1.3819366
-0.5518348
-0.0086735
-0.8943423
1.1745474
0.1250930
-0.8801797
-0.2676227
-0.1895210
0.3815175
-1.2862436
-0.2008168
0.3544140
-0.3174482
-0.3191585
1.4797305
0.9802785
2.0826124
0.1336687
0.1528643
-0.8488658
-0.5491962
-0.1742020
-0.3840016
0.0470157
0.2969087
-0.3342576
-0.1249547
-0.2464807
-1.2022944
-0.2650736
0.1818084
-0.1486784
-0.4917560
-1.1201288
-1.7023491
-0.5553938
-0.6238692
-0.3583071
0.0698517
-0.4499931
-0.9317155
0.2621905
-0.2638764
0.3948738
-0.2186931
-0.0502409
0.0796490
0.4626163
0.4145581
-1.7667606
-0.7319575
0.0771325
0.0766927
0.7280319
1.6878769
1.0885377
0.0567723
0.5774152
-1.0083594
0.2297363
0.7185847
0.4405458
0.2043349
-1.7867462
-1.4683941
0.5595227
0.1676214
0.7003338
0.0113283
-1.8922528
-0.0860993
0.0910589
-0.3560837
-0.1406565
-2.0259216
-1.0631447
-1.3975976
-1.3571541
-0.8174215
-1.8219205
-1.1019023
-2.0641906
-2.1573019
-1.8478350
-1.4245627
-2.0769768
-0.1036417
-0.4666315
0.2165999
0.0402805
-0.2776481
0.2942863
-0.7062955
-0.6929962
-0.6286335
-0.2914279
-0.5933045
-1.4823531
-1.7024794
-0.5626583
-1.5147176
-0.5035730
-0.8805055
-1.2218972
-1.4492474
-1.4484004
-1.2192585
-2.1265824
-2.0451416
-2.2890976
-2.3112983
-1.5694459
-2.0503213
-1.5035603
-2.0066364
-1.1770559
-1.6364554
-1.8211794
-2.4186617
-1.8422726
-2.0014568
-1.5091145
-1.8052577
-1.8407985
-1.7856386
-1.4261915
-2.0155216
-1.6947507
-1.7408462
-0.0613169
-1.6457152
-1.7027156
-1.4524724
-2.3227733
-2.0151551
-1.7434441
-1.6029750
-1.6694063
-2.1487913
-1.4624734
-2.2687292
-1.9222393
-2.0059034
-2.1325032
-0.8414709
-0.8955721
-1.1075218
-1.0251037
-1.1488774
-0.4903715
-1.2485039
-1.0521257
-1.2099743
-0.9023968
0.2222763
