0.0509159
-1.7387588
-1.0535691
0.5517574
-0.1142848
0.7195856
0.0033538
0.9643265
-1.5027578
-0.5624037
0.3472231
0.6924061
-0.1916381
0.0068073
-0.2360850
-0.6343525
0.4352594
-0.5764536
-1.0320694
0.0981161
0.2660623
0.3972553
0.6959855
-0.9611117
-1.3375570
-0.2668517
-0.4499728
0.3852507
-0.6872482
-1.1923849
0.6522781
0.9739475
-1.2248036
-0.5413366
0.0110946
-0.8364481
-0.8793216
-0.0324711
-0.4143995
-0.2185187
-0.9540553
-1.6246916
0.1815032
-1.2559400
-0.5331867
-0.0519098
-0.3931280
0.5108898
0.0784494
-0.4345068
-0.2958247
-0.3188191
-0.6915592
0.1843666
-1.0110889
-1.3650905
-0.5565666
-1.8148062
-0.9835554
0.6133851
-0.7652544
-0.3358584
-0.0755099
0.0212978
-1.2942036
-0.4585632
-2.8990974
-0.8380214
0.1010661
0.2384030
-2.0901408
-2.5818097
-1.0614358
-0.0597450
-0.8562093
0.0666493
-0.0768079
-0.7263143
-0.9842477
-1.2064270
-0.2870691
-1.2067731
-0.2742385
0.0246962
0.0823827
0.6251851
0.1424056
0.6437270
-1.4280241
-1.1133560
-0.8183547
0.1033632
-1.1028697
0.1339489
0.0115824
-0.9079486
-0.4001136
0.0246883
-1.2921189
-0.6463571
-0.2401521
-0.8065546
-0.1173765
-0.1326379
0.5019375
-0.2060657
-1.0358690
-0.5390868
-1.4948911
-1.3647601
-1.3664042
-0.0024597
-0.6702011
-2.1425881
-0.6033262
-0.3306192
-0.0933122
-0.4308016
-1.2844568
-0.5501001
0.6148011
-0.9691358
-1.2051368
-0.7409935
0.4416314
-0.1149850
0.0503574
-0.5459701
0.2580776
-2.1176743
-1.2969176
-0.6911737
-0.5994008
-0.3801794
0.3404105
-0.7200209
-0.3135720
-0.2742464
0.2685561
0.1308967
-0.0880651
-0.0151644
-1.9721403
-1.4804714
-1.0307556
-0.2221688
-0.8996492
-0.4568404
-0.6308597
-0.6872482
-0.8262214
-0.3974861
-0.0875381
-0.8088910
-0.3288255
0.3000308
-0.3791331
-0.0942562
-1.7754727
-0.4617335
0.4068212
0.5150513
0.2292304
-0.9345695
-2.6764697
-1.8428117
-0.4132195
0.3942974
1.5141225
-0.9573357
-0.1221515
-0.4182227
-0.1768802
-0.0263194
-0.1169045
-0.6277681
-0.6361068
-0.6849747
-1.6968057
-1.6784448
1.1548738
-0.5312201
-0.5280734
-0.0453175
0.1390230
-0.4604197
-1.2942902
-0.5395194
-0.6046479
-1.1068030
-1.0203480
-1.3559100
-0.3781812
-0.8865354
-0.5325338
-1.7898924
-1.0241948
1.4464688
0.5722186
0.2760845
0.0012849
0.2348001
-0.5941537
0.4060975
-0.9023160
-0.8419548
-0.9421058
-0.2060657
-0.2723348
-0.4280955
-0.0867514
0.7225592
0.7817325
0.7291987
0.7191450
-0.1736470
0.5948354
0.5117709
0.1196945
-0.3445825
0.0513092
0.9624700
-0.1237092
-1.7767865
-1.2229156
-0.2595907
-0.4077128
-0.2857790
0.7357123
0.6247918
0.5373377
-0.1241182
-0.1068115
0.1893069
0.4627141
1.6069496
0.8166135
-0.4792998
1.5566027
1.6399897
0.9996402
0.2908503
-0.5057162
0.4893587
0.3026504
0.8057732
2.2903064
-0.1222932
0.0313671
0.1898497
0.4479247
0.7817719
1.5219892
-0.2643265
-0.4336730
-0.0120177
0.7067392
-0.8104880
-0.5089337
-0.5241872
0.6606482
0.0464948
-0.5994008
-0.5063141
-1.0373165
-0.2543121
0.2971830
1.1852943
1.3001482
-0.5548202
-0.1650644
1.5786294
-1.4516242
-0.6838341
-0.4879532
-0.6020204
-0.2106519
-0.7724682
1.2954282
-1.5487937
-1.6677304
-0.8930884
-0.3797860
1.4590556
-0.2086853
0.2495501
-0.0277511
-2.4860955
0.0953077
0.3595817
-0.5587535
0.0850023
0.6055184
-2.6827631
-1.4162240
-0.0513512
-1.0464890
0.6656436
-0.6884125
-0.6507625
0.6900854
-0.7026040
-0.7252208
0.7707191
1.0720138
-0.1339516
-0.0090677
0.1123076
-3.5756338
-1.6030582
-0.1378850
-0.6295538
0.2161166
0.4009841
-0.3319329
-0.3266858
-1.8528260
-1.6941782
-1.6535388
-1.3121004
-2.2422278
-0.6964208
-1.7335117
0.0561551
0.0482884
-0.8870703
-0.3382263
-0.8026213
-2.2133884
-1.1303953
-1.4693243
-0.5885998
-0.6665273
0.3459172
-2.0075404
-1.4660439
-1.6994253
-2.2632083
0.5779849
-0.1492130
0.4390039
0.4180313
0.2685639
0.1190966
-2.0626073
0.2003832
0.6549055
-0.0749513
0.1787498
0.3695173
-0.5213867
-1.4919410
-0.9678220
-0.2558855
-0.1750709
-0.4883072
-0.4582721
-0.3216747
-0.2899719
0.5098121
-0.5453801
0.1295829
0.3944312
-0.1798381
-0.7483410
-0.8742083
-0.0172648
-1.0803159
-0.2480188
0.6035517
-0.3424192
0.2898670
-1.2443445
-0.7082209
-1.6475051
-0.3903353
-1.2020373
-0.3002222
-0.3016540
-0.7243161
-0.0985514
-1.4662327
0.6185693
-0.0535696
-0.4711499
-0.7659074
0.9272665
-0.5011850
-0.9835554
-0.0565983
-0.9025284
-0.2186996
0.4354246
0.5342461
0.7629390
1.5754828
1.2702547
-1.6391113
0.7935326
-0.5505328
0.0518992
-0.3931988
0.7541991
1.8980175
1.6132429
-0.6871224
0.5189847
0.6167914
-1.0401957
2.1670588
1.4066161
0.2050325
0.0801564
-0.2854486
-0.0729847
-0.2295399
0.7372857
0.1184358
-0.2647119
-0.0257451
-0.3591359
0.3901674
-0.1478521
0.3120668
-0.0169344
0.1206463
0.1792847
-0.2433696
-0.1939981
-0.6387815
-0.4085703
-0.1461765
0.5027793
0.6260190
0.0045024
0.6863488
-0.1945016
-0.8563745
0.4730982
1.0853872
-0.0987481
0.8402057
-0.8104880
-2.0072100
-0.2175353
0.1757998
-0.6688873
0.3768176
-2.3110614
1.1034806
0.3311986
-0.1093682
0.8344945
1.1902818
1.2356098
0.3897426
0.3464758
0.6077683
1.5975095
1.3428014
1.5849228
0.5163651
0.1846498
0.4570423
-0.5143617
0.1883000
0.7311024
0.0676326
0.7595720
0.0469825
0.8957446
0.7454356
1.6803852
0.7805525
0.5701182
0.8550030
-0.9737220
1.8565836
-0.5541043
0.0719908
0.3609977
0.3248423
0.6240602
0.3790675
0.0688992
0.5986350
-0.1235597
0.0440325
-0.3171356
1.0234369
0.1521997
1.3253216
0.9141055
1.2643547
-0.3122661
1.1915877
0.6704816
-0.9874888
0.0233824
1.2997548
-0.8419548
0.0627159
-0.4643531
-0.2952190
0.1584222
-0.7475544
0.0676326
1.2122378
1.1805743
0.0956774
0.1040791
0.5619683
-0.1585350
1.3638685
0.3683924
0.1264913
1.3390884
0.5383682
1.0929550
1.9184710
1.7810633
1.7055508
1.4315221
1.9022105
2.2179327
1.4695497
0.8112327
0.7628524
1.5204158
0.4346143
0.4139091
0.9196279
0.0587826
0.4959431
-0.1093682
0.4944012
2.5069003
2.2981731
2.5590801
0.7549857
1.1725188
1.3017215
1.3292550
2.1250978
1.5691894
2.3978206
2.6836336
1.5442756
2.5931744
1.4409622
1.9749146
1.7448135
0.7691458
1.2120411
1.4273921
1.7595636
0.0501292
1.2545213
-0.7646644
1.4055620
1.1325874
0.9054364
1.3973020
1.4563022
0.9561766
1.3676052
1.2716314
1.1783244
1.3628851
1.0427104
0.9986568
1.7434368
1.9489544
-1.7321980
0.8403394
0.3435572
2.3877197
1.0267803
0.3242838
0.1145260
1.5685994
1.4549255
1.7878837
1.3320083
1.1666109
0.9123198
0.7443657
1.2645514
2.6159878
2.7922020
1.9352506
1.7018771
1.2241008
1.7915575
1.6596565
0.5543848
1.8487169
2.6928141
0.3813174
