-1.8902848
0.3093855
-0.7995592
0.5704677
1.6186819
0.0735331
0.0543257
-0.7080833
-1.9360396
-1.9872087
-0.2126437
-0.3819459
0.7516035
-0.4303783
-0.6979052
-0.1584930
-0.3730095
-0.5233577
-0.7676989
-0.2206848
-0.7183965
-0.9282505
-0.4149634
-1.5283848
0.6009344
0.3088365
0.0654751
-0.9879168
0.8031274
0.5699440
0.9539401
-1.4088327
-2.2283486
0.1356827
-0.0706745
0.2334512
-1.7641105
-1.2334743
-0.8247468
-0.6295053
1.1679836
1.1875964
0.4015372
0.8075702
-1.4583884
-0.6145380
-0.7506031
-0.4988628
-0.6977194
0.4988327
0.6325159
-0.5166005
-0.3367232
-0.5979659
1.6860092
1.5632389
0.2209081
-0.1770416
0.8378933
-1.3131081
3.0579704
1.2077921
0.2165582
-0.6407645
-0.4237140
-0.9555328
-0.6099346
-0.7319870
-0.4051063
-0.5903218
1.4130090
0.5789396
-0.9465288
0.3580967
-0.2028795
-0.6796185
1.2641727
-0.6509003
1.1551787
-0.7120616
1.3987766
-0.1747864
-0.2850474
0.6211469
0.2277836
1.1544861
-0.0525820
0.0205987
-1.3165205
0.9570484
-0.5492970
-0.9969630
-1.5833971
0.0450936
0.1843347
-0.3924365
-0.6868572
-0.8464374
-0.6989357
-0.3449248
0.1008407
0.5583976
-0.5613671
0.5294429
0.4630701
0.0093733
-0.1410847
-0.2271295
0.4854788
-0.0516529
1.2584797
-0.1441086
-1.5484031
0.4801997
-2.1605737
0.9659173
-0.0304437
0.6334366
0.6173797
-0.3147285
-0.5453356
0.6971657
-2.0254292
-0.0195814
-0.3489960
-1.0076226
0.1836167
-1.1272845
-1.0066174
0.0620965
-0.9390452
0.6356242
-0.6892729
-0.4769018
-0.5546099
-0.1233470
-1.5665040
0.6090853
0.6211469
-1.2590166
-0.3349157
-0.2556028
-2.1099030
-2.1605821
-1.1994770
-0.9709562
-1.0190845
-0.1100775
-1.2089371
-1.2722861
-1.2934024
0.1481413
-0.9093641
-0.9285124
-0.1603597
-0.1933350
-0.8729511
-0.6064124
-1.3606874
-1.2117498
-0.0576753
-1.2736966
-1.4454399
-0.7725303
-0.3568429
-2.2671689
-0.6482481
-0.3533376
0.3439487
-1.0502606
-1.2616181
-0.5854988
-0.2421897
0.4789074
-1.7588906
-1.5381490
-0.3192305
-0.0670425
-2.2603272
-2.3006425
0.0612687
-1.8680451
0.4471484
0.5654336
0.2024356
-1.0104352
-0.6477075
-0.1090302
-1.2117498
-1.5580575
-0.3839900
-1.6528444
-1.2061160
-1.4886777
-1.1620082
-1.6978982
-3.3505967
0.2218626
0.0668941
0.3482142
0.5758988
1.6463443
-1.5355390
0.5958073
-1.1770768
-1.0829402
-0.1321399
-0.6866545
-0.7401548
0.4898287
1.7548569
0.1652709
0.9103391
0.8081784
0.4417595
-0.9682110
0.5479324
0.2319984
0.3660364
0.1783038
0.8762321
0.8728112
0.1624582
-0.6646006
-0.0612397
-0.1366250
0.4533651
0.9277559
0.2511889
0.2091675
-1.4003946
0.0805691
0.2318379
0.7934561
0.5675283
-0.0576499
0.2684030
0.7495341
-0.0630219
0.2471937
0.6970896
0.2636222
-0.1538221
0.1033747
0.6879505
0.9199935
1.4571167
0.5500525
1.0688129
-0.4297449
-0.6995945
0.3252819
0.0168316
0.0134361
0.1625004
0.2579462
0.7868593
-1.4529404
-1.1657669
-1.5575676
0.1292295
0.2723559
-1.4979858
-1.4951815
-1.1188380
-1.1455881
0.7941825
-0.3171864
-0.0323019
-0.4895716
-0.7556373
-0.0376823
-0.5423624
-1.5616810
-0.6204928
-0.6416091
-1.1622785
-1.2455359
-0.2876996
0.5939068
0.5104214
-0.7978699
-1.7213542
-0.1334068
-0.5557333
-2.1155284
-2.1521356
-0.3565303
-0.5727277
-0.5032719
-0.8569956
-0.6108469
-0.8401025
0.9711541
0.9363038
-0.2560842
-0.6500557
-0.7041134
-0.8017046
-1.1588239
-0.6265236
-1.2653430
-1.2611620
0.1945972
-0.8350346
-0.7049581
-0.5341608
-0.7532722
0.2016416
-1.2849559
-0.8288349
-0.4452273
-0.4575931
-0.8449255
0.4775559
-1.1999247
1.2256058
0.0844038
0.8645083
0.1767328
0.0811012
0.6480238
0.1502529
-0.3029033
-0.1120118
0.2605984
1.1601875
1.1924363
-0.6632491
0.5831037
-0.8882478
0.5056575
-1.0495765
-0.5649907
0.2146577
0.3892559
0.4242414
0.6649590
-0.0521597
-0.4883807
0.0310977
0.2929401
0.9831398
0.1939975
0.4881141
0.3906073
0.2511889
-0.9414609
-1.8742026
-0.9879168
-1.3863142
1.5962648
0.7475407
-0.6936904
-0.1772528
-0.2854444
-0.7274850
-0.8300512
-1.4510653
-0.7399521
-0.2083022
-1.2395051
-0.1885120
-0.9281829
-0.1255262
-0.0106534
0.5535747
-1.1813423
-2.5181490
-0.3369344
-0.3055555
1.2400240
-0.1900999
0.5852491
-0.0812157
-1.0456404
-1.0597123
-0.9245678
-0.4943946
-1.7157288
-0.8527723
-1.1322426
-0.3379564
-1.6143620
-0.9583539
-2.2093777
0.3420314
-0.8163678
-1.3426710
-0.8386920
-0.4296013
-0.6912832
0.3277905
0.3177814
-0.0651673
0.1442981
0.4996774
-2.7585204
0.4737212
-0.4093296
0.9859525
-0.3630764
0.2924925
0.0951562
0.5428307
-0.5923405
0.4321051
0.3723122
-0.4119311
0.9534925
1.8490610
0.3383994
-0.1338798
0.2710552
1.9449882
-0.2839324
1.1736428
-0.4893858
-0.5403606
-0.2889666
0.7517640
0.6236893
0.1965484
0.1424061
1.0359306
0.0369850
0.1611321
0.0241547
-0.0370320
0.2586472
0.0238253
0.6673241
-0.2416998
-0.2664481
-0.0374120
0.3901766
-0.0210934
-1.3403313
1.2892673
1.6923272
0.5097203
1.7519259
1.6516234
-0.4131052
0.6847999
0.7195574
4.8753846
-1.2615843
-0.9981709
-0.7210065
0.3263208
1.1739384
1.5987143
1.4784695
1.4468542
1.1406084
1.7057741
1.1654750
0.6879505
0.7245155
-0.3614631
1.0706880
0.7807863
1.7880602
-0.0151554
0.3830477
1.4119531
1.4324106
1.3897810
0.5600109
0.6808385
0.9859863
1.2072431
0.9011747
0.1677795
1.2745281
0.7765039
2.3682860
-1.1343205
-0.0451913
0.5589720
-0.1002120
0.6017875
0.4674708
0.2628705
2.0737978
0.6283856
1.4092418
0.1458776
2.0075854
1.5891444
-0.4861170
-1.0674493
-0.1088443
-0.0874239
0.6887191
1.2222610
-1.7795424
-1.3370372
-0.2488455
-0.6627254
-1.4144665
-1.3912385
-1.4609224
-0.4459368
-1.9240793
1.0871841
0.5028026
1.1203367
0.1033071
1.2596707
1.7277604
1.2704569
0.1078767
0.3454184
1.3063462
0.3033716
0.7390435
0.5149825
1.2739960
1.3454367
2.0010985
0.7309518
-0.0712319
1.2621455
0.6239596
0.1582771
-0.0550484
2.1109034
-0.4407929
0.8378257
1.0825892
0.5911110
0.9748706
1.0950901
1.1094407
1.9229681
1.8891820
1.9842054
1.0842278
0.7788351
2.4846623
1.9071309
1.9377495
1.9102983
1.8385028
0.5126343
0.8777102
-0.4345509
1.0729179
0.9346060
0.2437982
-0.0076972
-0.0091500
0.5844552
0.9035397
0.6539025
1.0457961
-0.0665441
0.7700845
0.9615420
-0.0097159
0.5096527
0.1880258
0.3933018
0.9078474
0.1211124
0.8401232
0.4813568
0.3911902
-0.1884022
0.7292625
0.6844959
1.2219062
0.2991230
0.0841588
0.7816309
0.1943860
-0.1335504
-0.0505633
0.3789427
0.7045564
-0.1094778
0.9256443
0.1116101
0.3150194
0.1431916
0.4266656
0.7316528
1.0812462
1.9619151
1.9209747
2.3655916
2.9378439
1.5745488
2.1383546
2.0225696
1.7190774
-0.3043477
