-1.7274699
0.4095224
-0.6486263
0.0939492
-0.2824806
0.6264759
-0.3135924
-0.4240405
-1.7892631
-1.6176230
-0.2691967
-0.1898984
-0.2076377
-0.6536513
-0.6338235
0.1429332
-0.1947082
-0.3596146
-0.8514099
0.3230917
-0.4888968
-0.8624597
0.2210417
-1.9535746
-0.2362053
-0.2743862
0.0000886
0.0692673
1.3109161
0.4179079
0.3983523
-0.2730256
-2.8736822
-0.3815434
-0.3621967
-1.0594209
-1.4064350
-1.4137319
-0.3605259
-0.3822269
1.4223009
1.0616295
-0.0595213
-0.0351748
-0.6089202
-0.6993633
-0.7633779
-0.1226308
-0.4096681
0.0687611
0.4393811
-0.4834035
-0.3473432
-0.9063491
0.1059167
-0.2834869
-0.1342060
0.2310600
-0.1226625
-2.3790959
0.1993533
1.0432700
0.9219429
-0.0993033
-0.2814111
-0.9564849
-0.2819807
0.5612082
-0.1261939
-0.4552725
1.2510342
-0.2761899
-0.2542864
-0.6749030
-0.4629492
-0.3051879
0.3244776
-0.6132110
0.1759499
-0.7041985
0.2438946
-0.4044722
-0.8237978
-0.6013195
-1.1528891
-0.0823678
-0.2714497
-0.1947841
-2.8246349
-0.3233196
-2.2835329
-0.8534983
-2.2787864
0.1257951
-0.1227764
-0.5965223
-0.3978334
0.3504126
-0.1884871
-0.7213302
0.1344717
-0.0789630
-0.0726090
-0.5399819
-0.0716597
0.4112691
-0.9048998
0.2243326
0.0174228
-0.5164645
0.9387772
-0.2695764
-0.6417281
0.2898598
-2.2392321
1.1867348
-0.4435898
-0.3129405
-0.1513314
0.3107697
-0.0301246
0.8530173
-2.2613825
-0.6767763
0.4395014
-0.7164381
0.6391712
-0.5816309
-0.7055022
-0.5809348
-2.6300281
-1.0969056
-1.3169538
0.2863600
0.0133218
-0.5954781
-0.7298423
-0.5049337
-0.4674426
-1.6087375
0.0753619
-0.1376615
-2.7210028
-2.1862295
-2.2495162
-0.3760058
-2.2811596
-0.7849904
-2.1759454
-2.2598003
-2.0675667
0.2734685
-0.3121495
-0.5974653
-0.7343673
-1.1285490
0.0173659
-0.9264806
-2.3468197
-2.0177284
0.1751145
-1.9813385
0.6447468
-0.9798251
-2.1210188
-2.5271870
-0.5789286
-0.3980486
2.1117345
-2.3333712
-2.0723132
-0.7664600
-0.2516536
0.4238759
-0.9091527
-1.0688759
0.0027023
-0.5449562
-2.7740055
-2.9496263
-0.6538981
-1.3916385
-0.3941375
-0.6595876
0.1521730
-0.7054325
0.3381223
-0.0322636
-0.4188890
0.6671123
-0.5956300
-0.5678281
-0.9160826
-0.6745739
-0.3416854
-1.0922604
-1.6776062
2.1433779
0.0170747
0.2300221
-0.1529959
1.6505827
-1.9441575
-0.3215602
-1.3984988
-2.1234173
-0.6054837
-1.6664867
-0.8098557
-0.6701755
1.6467348
0.5139077
0.3608359
0.6404116
0.3990295
-0.9291956
0.9225251
0.2985174
0.3107381
-0.3531593
-0.3566907
0.7959705
-0.0819121
0.4067884
-0.4081998
0.3852203
-0.1766082
-0.6800672
-0.3425778
-0.1072585
-0.4893525
-0.6741815
-0.2553496
-0.4053393
1.2929174
2.2013866
0.4819542
-0.1892275
2.1549784
1.8311652
2.3226883
0.5003200
0.4818845
0.3642977
1.3902651
0.5598159
1.1383204
0.5778210
0.6315451
-0.2115678
-0.4595760
0.5145595
2.4397752
-0.3479571
-0.5610754
-0.5999841
0.6658529
-0.7187861
-0.4646959
-1.0452003
1.0846216
-0.0235807
0.6325134
0.0452120
0.2681144
-1.2677800
0.3420904
1.7299063
2.4513757
-2.0905082
-0.8202474
-0.0692484
-1.5513048
-1.1044178
-1.7310392
-1.7943260
-1.1958102
-0.8811546
-0.8868568
-0.2623807
-0.0975693
-0.7804717
-0.2911636
-0.3245410
-0.1745893
-0.8867619
0.0163659
0.3004413
-0.3997953
-0.2250225
-1.7677456
-0.2828350
-2.0360816
0.6605938
0.7316585
-0.5341785
-1.2652485
-0.9044822
-0.4033014
-1.1990568
-0.6689983
-0.4864919
-1.0479280
-1.4753606
-0.9100577
-1.4221997
-0.3628928
-0.1772347
0.4795493
-0.2160864
0.5911808
-0.9741293
-0.2031759
-0.4162879
0.7574795
-0.6117238
0.9552128
0.2594631
0.3809041
-0.7185329
-0.1855126
0.8221080
0.1772662
-0.8083179
-0.4112945
-0.2033531
0.8295695
0.7744340
-0.2708042
0.5869469
-0.5736884
-0.4849983
0.1884237
0.2376355
0.5764856
0.7462841
0.0542557
0.3314518
-0.1568500
-0.8750981
-0.4197370
-0.6339375
-0.3209084
0.0544329
0.6026167
0.6804595
0.6426330
0.0746910
-0.3762084
-1.5057383
-0.6019207
-0.1021892
0.1338389
-0.5286789
-0.9454667
-0.8903186
-1.0485355
-0.9178926
-2.1917671
-0.7609983
0.3831002
-0.9698447
-1.0871658
-0.4805872
-0.0192202
0.5991803
0.1104164
-0.7045275
-1.0773437
-0.3077384
-0.6237863
2.3028606
0.4544117
0.4668033
0.3890175
-0.9662690
-1.1326120
-0.5151165
-0.9210633
-1.3392054
-0.8907742
-1.2624892
0.4160030
-1.6050099
-1.2008732
-0.4948394
1.8712447
-0.3862899
-1.9196339
0.0437185
0.2511029
-0.5689103
0.2843285
0.0328331
0.2432364
2.0368472
0.0413895
-1.9297598
2.2994874
-0.8134758
2.2330869
-0.8668139
2.3532748
2.1222781
1.9187098
-1.0395298
0.3783790
0.7071096
0.5551643
0.0194986
-0.7556063
0.0244919
0.9193988
0.1803357
1.8323233
-0.2931634
1.5770497
0.5635118
-0.0120625
0.1950055
0.5014022
1.9038374
0.2281615
0.0024365
1.4630449
0.3311860
0.1967839
0.2998844
0.3234524
0.2737786
0.4575761
1.3095048
0.4364826
0.2400278
0.4319766
1.7125214
0.3079471
0.1924614
1.0807358
0.1689820
1.1898295
0.2061946
0.8099253
1.0617118
0.4856248
1.9077928
1.4092512
-0.3829294
-1.4031757
-0.3817649
0.1526793
2.0976279
1.5860301
0.7295257
1.2622802
1.2343708
1.4593047
0.7401010
2.7066303
0.1697541
-0.0363267
1.8385444
1.6161989
0.6863768
1.4330913
1.4611463
1.1888043
1.0038993
1.4976438
0.8158869
1.0765145
1.0721414
0.6699096
1.0483076
1.3919549
1.2076321
0.8760600
1.5837392
-0.8799205
0.7247982
0.6685996
1.0628066
1.4315977
0.9858056
0.7339052
2.4299088
1.2477116
1.9763008
0.9137156
0.9019000
1.2727099
1.6708408
-0.2223392
0.0754821
0.5872950
-0.3015110
1.2973158
0.4544687
-0.2560710
-0.3922642
-0.3223450
-1.6145915
-2.0512704
-0.6235205
-0.0927532
0.1312568
1.4484890
0.1931259
0.3697657
1.0312771
0.6725993
0.8502200
1.3825125
0.5232361
0.9101272
1.1883233
1.2586286
1.5452228
0.7358797
1.0143163
0.9135068
1.1833806
1.1078858
-0.1453445
0.2086122
0.3868721
0.6181663
0.7566062
0.1763612
0.4194901
1.2738174
0.3317936
0.7705799
1.8999199
1.4490332
1.9759843
0.8895464
0.6743713
1.0885960
1.6260527
0.5333747
1.0681101
0.5776375
-0.0895888
0.3687911
0.8839708
0.1298012
0.3781259
0.5536771
0.8365057
0.6877818
0.4156486
0.1063344
0.5153253
0.1213650
0.3008274
0.2700890
0.9559595
1.4757023
0.3080611
0.8531185
0.5050412
0.6355702
1.0479532
0.2028468
-0.0392252
-0.0944872
0.3159719
0.4820997
0.3096432
0.3911250
0.5137431
0.5521645
0.3493177
0.4306792
0.4243505
0.9862486
0.2463564
0.8285949
0.5192807
0.7265449
0.5358935
0.1308580
0.6090150
0.2297437
0.6403167
-0.0605845
0.4979214
0.6547840
0.1349274
0.9965327
1.0524339
0.5637650
0.9528332
1.4190416
0.0827854
0.4519626
0.5279067
-0.5428108
